-0.034914646, -0.03622781, 0.99873346
-0.024936378, -0.017694423, 0.9995324
-0.0138351675, -0.0041184607, 0.9998958
0.000993418, 0.0032859135, 0.9999941
0.00020674388, -0.0023333484, 0.99999726
-0.014177974, -0.017143901, 0.99975246
-0.008252192, 0.026334744, 0.9996191
-0.013629787, 0.05537079, 0.99837285
-0.031176686, 0.041820306, 0.99863863
-0.01929258, 0.053679056, 0.99837184
-0.009090004, 0.02317375, 0.9996901
-0.0026380941, 0.0055959933, 0.99998087
0.006502061, -0.003505063, 0.99997276
0.0055020377, 0.03367329, 0.9994178
0.0077219126, 0.024716515, 0.9996647
0.013041408, 0.017495122, 0.99976194
0.0069684144, 0.007832916, 0.99994504
0.01160947, -0.0066009243, 0.99991083
0.0027683584, 0.002284768, 0.99999356
0.0034380956, 0.0019150209, 0.99999225
0.003670274, -0.0018422429, 0.9999916
0.0125291385, 0.002422092, 0.9999186
0.011080855, 0.051552992, 0.9986088
0.015649587, 0.041403018, 0.99902
0.014899524, 0.016277192, 0.9997565
0.009548709, 0.025982155, 0.99961686
0.0007725511, 0.006313645, 0.9999798
-0.010393196, 0.0057113795, 0.9999297
-0.0055421875, 0.0030125242, 0.9999801
-0.0006574673, -0.0051783384, 0.9999864
0.009188593, 0.011767808, 0.99988854
0.0063683935, 0.039679125, 0.9991922
0.0028919796, 0.038606856, 0.9992503
-0.003660923, 0.074105844, 0.9972437
0.0042821225, 0.08844478, 0.9960719
0.013307516, 0.07606395, 0.9970141
0.009097402, 0.062227745, 0.9980205
0.014507126, 0.054873217, 0.99838793
0.020597281, 0.047969278, 0.9986364
0.018174794, 0.043940537, 0.9988688
0.026204433, 0.08429987, 0.9960958
0.02293246, 0.09920321, 0.9948029
0.0092576705, 0.08369324, 0.9964485
0.015600526, 0.07301617, 0.9972087
0.015460282, 0.08937719, 0.99587786
0.012990129, 0.099171475, 0.9949856
0.008765596, 0.0986209, 0.99508643
0.012534421, 0.10178042, 0.99472797
0.0011572663, 0.075267896, 0.99716264
0.012737355, 0.08853454, 0.9959917
0.01581169, 0.08745017, 0.99604344
0.018216575, 0.08512547, 0.9962038
0.017968364, 0.08728001, 0.99602175
0.015324184, 0.086399086, 0.9961428
0.023851471, 0.07352388, 0.9970082
0.028368182, 0.07299957, 0.99692845
0.048012547, 0.05116997, 0.99753517
0.046897214, 0.025079306, 0.9985848
0.064631216, 0.02966325, 0.99746823
0.049659964, 0.0032201207, 0.99876094
0.039293412, 0.0003382351, 0.99922764
0.021738518, -0.015678987, 0.9996407
0.019397477, -0.008293577, 0.9997775
0.029558009, 0.04246198, 0.9986608
0.032778475, 0.057619866, 0.9978004
0.03143792, 0.045120355, 0.99848676
0.025886137, 0.02824702, 0.99926573
0.04485646, 0.038684472, 0.99824417
0.03857924, 0.04913614, 0.99804676
0.04383803, 0.03451476, 0.9984423
0.04128119, 0.037604883, 0.99843967
0.04361037, 0.021920929, 0.9988081
0.055088356, 0.033814754, 0.9979087
0.04123423, 0.0019424894, 0.9991476
0.05230122, 0.004452584, 0.99862146
0.03300415, 0.042591576, 0.99854726
0.017741503, 0.04916731, 0.99863297
0.026663471, 0.073673256, 0.9969259
0.024559213, 0.0824103, 0.9962958
0.02772671, 0.06994424, 0.9971655
0.028006967, 0.07321795, 0.9969227
0.039218277, 0.089513235, 0.99521315
0.03496224, 0.09863766, 0.99450904
0.015377924, 0.044712204, 0.9988815
0.014587486, 0.017475177, 0.99974084
0.031549063, 0.05516235, 0.99797887
0.032089297, 0.071663715, 0.99691254
0.017805004, 0.07158063, 0.9972759
0.0048466222, 0.026443271, 0.99963856
0.0016285938, 0.016291987, 0.99986595
-0.030623637, 0.016889332, 0.99938834
-0.033380646, 0.005734444, 0.99942625
-0.02038749, -0.003776776, 0.99978507
-0.024568113, -0.019973215, 0.9994986
-0.008639864, 0.018526893, 0.999791
0.004312098, 0.034621425, 0.9993912
0.014249365, 0.04622495, 0.9988294
-0.021816954, 0.038633417, 0.9990153
-0.02878601, 0.04532059, 0.9985577
-0.012954354, 0.054543287, 0.9984274
-0.02634204, 0.035710014, 0.999015
-0.028758375, 0.034823503, 0.9989796
-0.020861285, 0.058585852, 0.9980644
-0.0029195237, 0.06940254, 0.99758446
0.009559157, 0.066891864, 0.99771446
-0.02287117, 0.08376813, 0.9962228
-0.046790276, 0.09870561, 0.99401605
-0.010165275, 0.06970881, 0.99751556
0.0061989995, 0.05222766, 0.9986159
-0.0023205748, 0.037598547, 0.9992902
-0.0007310786, 0.043047916, 0.9990728
0.0060817404, 0.044024177, 0.999012
0.011736408, 0.047406357, 0.9988068
0.01561441, 0.06847978, 0.9975303
0.017601281, 0.060944647, 0.99798596
0.012711407, 0.05772021, 0.99825186
0.018759329, 0.049868643, 0.9985796
0.010390933, 0.056214187, 0.9983646
0.015806293, 0.0744457, 0.9970998
0.021746086, 0.10690266, 0.99403167
0.012784522, 0.10955845, 0.99389815
0.010784066, 0.09606101, 0.99531704
0.0012555941, 0.075112574, 0.99717426
0.011464954, 0.096674524, 0.99525005
0.013847379, 0.08361402, 0.996402
0.012474028, 0.06951075, 0.9975032
0.010490535, 0.06570215, 0.9977842
0.009211338, 0.08100374, 0.9966712
0.016960522, 0.07402982, 0.9971118
0.017953914, 0.07770699, 0.9968146
0.024071082, 0.076950625, 0.99674433
0.024498897, 0.08242474, 0.9962961
0.010354971, 0.04470193, 0.9989467
0.012094208, 0.030852191, 0.9994508
0.010040834, 0.03617609, 0.999295
0.009568688, -0.008536247, 0.9999178
0.0120923035, -0.01712336, 0.9997803
0.0068765916, 0.013221917, 0.9998889
0.00816062, 0.028248314, 0.9995676
0.012638852, 0.0051806606, 0.9999067
0.0038593106, -0.02642345, 0.9996434
0.0042457003, 0.004132321, 0.9999825
0.0011512977, -0.005630176, 0.9999835
0.00048641037, -0.005207123, 0.99998635
0.00073218445, -0.010839437, 0.999941
0.0061897715, -0.012379755, 0.9999042
0.00989486, -0.027206667, 0.99958086
0.0098418435, -0.008327613, 0.9999169
-0.0011353933, 0.016863246, 0.9998571
-0.008925479, 0.058126446, 0.9982693
-0.011221806, 0.0694594, 0.99752164
-0.0065584024, 0.0741171, 0.99722797
-0.0017074046, 0.041917104, 0.99911964
0.009480406, 0.025720065, 0.99962425
0.0012507044, 0.05550508, 0.9984577
-0.001055393, 0.062060427, 0.99807185
-0.003786676, 0.045929555, 0.99893755
-0.014519528, 0.05474237, 0.9983949
-0.014821489, 0.055717465, 0.9983366
-0.013988504, 0.049860492, 0.99865824
-0.014133249, 0.027627546, 0.9995184
-0.009491115, 0.02431813, 0.99965924
0.0005140198, -0.0040714997, 0.9999916
0.011911782, -0.007848183, 0.99989825
0.007702905, 0.014602816, 0.9998637
0.006620862, 0.017422788, 0.9998263
0.005193313, 0.008008453, 0.99995446
0.001504792, 0.010297636, 0.9999459
0.011765629, -0.0017978644, 0.9999292
0.017190022, -0.0025888153, 0.9998489
0.018710855, -0.005006088, 0.9998124
0.020446049, -0.0011450023, 0.9997903
0.011280716, -0.04004848, 0.99913406
0.0070351446, -0.057991013, 0.9982923
0.012444737, -0.03806093, 0.9991979
0.019335624, -0.027858533, 0.9994249
0.019135345, -0.034537856, 0.9992202
0.026510762, -0.034238152, 0.99906206
0.024878625, -0.05043766, 0.99841726
0.023285879, -0.03376848, 0.9991584
0.017164575, -0.024959136, 0.99954116
0.02825975, -0.018712519, 0.9994255
0.027455967, -0.023580736, 0.9993449
0.022411868, -0.01421907, 0.99964774
0.013528379, -0.0042757625, 0.9998993
0.012153503, -0.0044984985, 0.999916
0.009138573, -0.004453749, 0.9999483
0.011119909, 0.00028205663, 0.99993813
0.016348237, 0.0047237454, 0.9998552
0.017150613, 0.0032249417, 0.99984777
0.01991577, 0.014483973, 0.9996968
0.014424275, 0.026274793, 0.99955064
0.0075935014, 0.019257497, 0.9997857
0.013102451, 0.041063737, 0.99907064
0.019889481, 0.04714856, 0.99868983
0.01626724, 0.050223913, 0.99860555
0.019188296, 0.041722666, 0.99894494
0.01815657, 0.035179418, 0.9992161
0.025618045, 0.02796719, 0.9992805
0.019741254, 0.033597082, 0.9992405
0.026024692, 0.01881944, 0.9994841
0.029663814, 0.007107461, 0.99953467
0.0448043, -0.026764734, 0.99863714
0.040408887, -0.022968436, 0.99891925
0.041093342, -0.027296118, 0.9987824
0.035103917, -0.01857688, 0.999211
0.03759837, -0.0048585692, 0.99928117
0.026213877, 0.030430023, 0.99919313
0.018343572, 0.022196535, 0.9995854
0.0194322, 0.017171737, 0.9996637
0.0032290085, 0.014728982, 0.99988633
0.00055545825, -0.036864217, 0.99932015
0.015372369, -0.051419366, 0.9985588
0.010065503, -0.060653426, 0.99810815
-0.006852186, -0.052650385, 0.9985895
0.0011178952, -0.063397385, 0.99798775
-0.006431594, -0.019743485, 0.99978435
-0.024613863, -0.021328991, 0.9994695
-0.048445944, -0.022874169, 0.9985638
-0.04203207, -0.022124587, 0.9988713
-0.031280104, -0.027865706, 0.99912214
-0.039536063, -0.038201056, 0.99848765
-0.05068767, -0.023076147, 0.9984479
-0.06863006, -0.0036854653, 0.99763536
-0.06429766, 0.00080147845, 0.99793047
-0.06804756, -1.2153908e-05, 0.9976821
-0.0661636, 0.0003039983, 0.99780875
-0.020011937, 0.036473528, 0.99913424
-0.024353324, 0.037786763, 0.99898905
-0.040221404, 0.015308142, 0.9990735
-0.057185315, 0.0049898527, 0.99835116
-0.037247676, 0.006016504, 0.99928796
-0.059893187, 0.00048862176, 0.9982047
-0.051799346, -0.017802872, 0.9984988
-0.050051346, 0.0009786636, 0.99874616
-0.05942336, 0.006611164, 0.99821097
-0.049651466, 0.010453955, 0.99871194
-0.043408193, 0.028384183, 0.9986541
-0.028511794, 0.010122383, 0.99954224
-0.034477398, -0.01616058, 0.99927485
-0.040694773, -0.036132302, 0.9985181
-0.03622649, -0.018988447, 0.9991632
-0.032432344, -0.014254693, 0.9993723
-0.0405503, -0.008024215, 0.99914527
-0.04341178, -0.004968431, 0.9990449
-0.04728061, 0.0052320724, 0.998868
-0.06451212, -0.005638269, 0.997901
-0.06910535, 0.0025814767, 0.99760604
-0.05075859, -0.018208051, 0.998545
-0.05843989, -0.0285991, 0.99788123
-0.042397875, -0.0027544184, 0.999097
-0.05021664, -0.016998151, 0.9985937
-0.04428839, -0.015651964, 0.9988962
-0.039341073, -0.0074997433, 0.99919766
-0.033529595, 0.015358871, 0.99931973
-0.030566286, 0.021404319, 0.9993036
-0.019601064, 0.04790246, 0.9986597
-0.038598813, 0.009687758, 0.9992078
-0.047422007, -0.013706262, 0.9987809
-0.050910044, -0.038528953, 0.99795973
-0.058610965, -0.041004367, 0.99743843
-0.041531183, -0.069790594, 0.99669677
-0.03780476, -0.0849662, 0.9956664
-0.029602453, -0.10437761, 0.9940971
-0.044548564, -0.072510555, 0.9963722
-0.039578877, -0.04131721, 0.9983618
-0.036606565, -0.026002362, 0.99899143
-0.041776177, -0.027940644, 0.99873626
-0.031162867, -0.012779158, 0.9994326
-0.0378989, -0.014883591, 0.9991708
-0.03752098, -0.024191678, 0.999003
-0.036422618, -0.019484263, 0.9991465
-0.034451455, -0.009044202, 0.99936545
-0.03644985, -0.027594352, 0.9989544
-0.030462813, -0.0018452869, 0.9995342
-0.027419453, 0.009854467, 0.99957544
-0.043150023, -0.0005575103, 0.99906844
-0.029745515, 0.006801025, 0.99953437
-0.037253838, -0.0064402735, 0.9992851
-0.051471945, -0.021097742, 0.9984516
-0.042477414, -0.018482879, 0.99892646
-0.05332392, -0.013451251, 0.9984867
-0.05347116, -0.016533678, 0.9984325
-0.063532725, -0.015680116, 0.99785656
-0.040361576, -0.031829696, 0.998678
-0.029687108, -0.025473557, 0.9992346
-0.030306717, -0.03839553, 0.9988029
-0.012655267, 0.003903776, 0.99991226
-0.023852792, -0.035761394, 0.99907565
-0.040555738, -0.01393232, 0.9990801
-0.031373616, -0.027014596, 0.9991426
-0.03634978, -0.033833187, 0.99876624
-0.0433732, -0.03309221, 0.9985107
-0.036571577, -0.06514105, 0.9972057
-0.037120115, -0.08613309, 0.9955919
-0.036768317, -0.05602388, 0.9977522
-0.055813234, -0.041269187, 0.997588
-0.051142566, -0.05428294, 0.9972151
-0.06257792, -0.03804797, 0.9973146
-0.052857757, -0.053110976, 0.9971887
-0.051385902, -0.046284664, 0.99760574
-0.057062875, -0.029916627, 0.9979223
-0.046932377, -0.0040511526, 0.99888986
-0.052218642, -0.004582931, 0.9986252
-0.06522019, -0.010350498, 0.9978172
-0.056331996, 0.013834969, 0.9983162
-0.037052516, 0.024934905, 0.9990022
-0.049130775, 0.013579214, 0.9987
-0.043173686, 0.019472552, 0.9988778
-0.032835357, -0.00046187465, 0.9994607
-0.033476036, -0.030040994, 0.998988
-0.04268788, -0.055836942, 0.99752694
-0.043939997, -0.05376917, 0.9975862
