-0.051153142, 0.10414174, 0.99324614
-0.04532102, 0.09186281, 0.9947398
-0.056300063, 0.077271804, 0.9954192
-0.054662477, 0.08261342, 0.9950815
-0.045455392, 0.0894509, 0.99495345
-0.05022497, 0.08648579, 0.9949863
-0.050073013, 0.08872441, 0.9947968
-0.06290602, 0.083732694, 0.9945007
-0.08988339, 0.056620814, 0.99434155
-0.07679324, 0.07133253, 0.99449205
-0.063699566, 0.07692037, 0.9950003
-0.04179085, 0.08194537, 0.99576026
-0.008803712, 0.06716328, 0.9977032
0.0030501187, 0.03809831, 0.99926937
0.02330197, 0.03135942, 0.9992365
0.032277003, 0.012647716, 0.99939895
0.04307598, 0.014733675, 0.9989632
0.025352968, 0.018217875, 0.99951255
0.019552018, 0.024969714, 0.999497
0.033583026, 0.023259863, 0.99916524
0.018779213, 0.01667595, 0.9996846
0.0097954925, 0.013603996, 0.9998595
0.0036049716, 0.026421044, 0.9996444
0.011360555, 0.038330108, 0.9992006
0.014674504, 0.042232316, 0.9990001
0.01177524, 0.045015905, 0.99891686
-0.009151378, 0.026313828, 0.9996118
-0.011250615, 0.017850088, 0.9997774
0.005127999, 0.009107847, 0.9999454
0.02630987, 0.0050299475, 0.9996412
0.013207303, 0.012293023, 0.9998372
0.009367616, -0.00862783, 0.9999189
0.000664279, -0.053928383, 0.99854463
-0.0038419133, -0.07158803, 0.99742687
-0.0028300849, -0.033015847, 0.9994508
-0.011200161, -0.010677507, 0.99988025
-0.026725495, 0.0065095946, 0.9996216
-0.066797696, 0.020708658, 0.9975516
-0.068558045, 0.026935067, 0.99728346
-0.068323635, 0.027583793, 0.99728185
-0.035563663, 0.030193213, 0.9989112
-0.0143013615, 0.017734017, 0.9997405
0.004150332, 0.016662562, 0.9998526
0.02038742, 0.06248379, 0.9978377
0.027570115, 0.06390669, 0.997575
0.023566645, 0.034858882, 0.9991144
0.013806284, 0.0310438, 0.99942267
-0.011646956, 0.042467624, 0.99903
-0.0040778453, 0.03043328, 0.99952847
0.011567773, 0.027242988, 0.9995619
0.010244712, 0.0047750687, 0.99993616
0.017156616, 0.023194658, 0.9995838
0.014238729, 0.010763104, 0.99984074
0.008364929, 0.0033813464, 0.9999593
0.0047665313, 0.008197683, 0.99995506
-0.011446035, 0.038620498, 0.99918836
0.0033484737, 0.04177038, 0.9991216
0.004076724, 0.057906624, 0.99831367
0.004823063, 0.08468646, 0.99639595
-0.0027685969, 0.07417413, 0.99724144
0.00033590884, 0.046236392, 0.99893045
0.021926975, 0.022403792, 0.99950856
0.04935751, 0.01735577, 0.99863034
0.05867732, 0.024353882, 0.99797994
0.057516966, 0.030236794, 0.99788654
0.06379065, 0.037406318, 0.997262
0.06318366, 0.04757332, 0.9968674
0.04611426, 0.028891658, 0.9985182
0.041928124, 0.018140811, 0.99895597
0.028963672, 0.015544437, 0.99945956
0.0041768565, 0.042879373, 0.9990715
-0.012630887, 0.056031227, 0.99834913
-0.02656067, 0.04983964, 0.998404
-0.013386595, 0.060718473, 0.9980651
-0.0126767345, 0.064514354, 0.9978363
-0.0011495078, 0.051732462, 0.9986603
-0.012488726, 0.060100663, 0.9981142
-0.0065130456, 0.07250563, 0.99734676
-0.0048775743, 0.068995945, 0.997605
-0.014941012, 0.070894636, 0.9973719
-0.028638193, 0.081831366, 0.99623466
-0.04545617, 0.08550971, 0.9952999
-0.030825011, 0.08840713, 0.9956074
-0.020947715, 0.077238075, 0.9967926
-0.018089967, 0.071706, 0.99726176
0.001352232, 0.07089546, 0.99748284
-0.02927959, 0.06395966, 0.9975229
-0.044836458, 0.07179774, 0.99641097
-0.038583346, 0.07916523, 0.99611455
-0.014922996, 0.08688977, 0.99610615
-0.033212494, 0.05615234, 0.9978696
-0.013596759, 0.03391254, 0.9993323
-0.0030426949, 0.02902453, 0.9995741
-0.013818771, 0.026780868, 0.9995459
-0.019745976, 0.02413481, 0.99951375
-0.035657376, 0.031809438, 0.99885774
-0.031710062, 0.03911228, 0.99873155
-0.021573983, 0.050926026, 0.9984694
-0.021332206, 0.0495933, 0.99854165
-0.016523762, 0.04755275, 0.9987321
-0.012811248, 0.066438586, 0.99770826
-0.010098366, 0.058348343, 0.99824524
-0.0069279373, 0.050334763, 0.99870837
-0.033289883, 0.057634976, 0.9977825
-0.019398725, 0.06380783, 0.99777365
-0.006589984, 0.06627131, 0.9977799
-0.02653699, 0.07154748, 0.99708414
-0.042115953, 0.06497879, 0.99699754
-0.028740577, 0.061699416, 0.9976809
-0.036362417, 0.06627272, 0.9971388
-0.054230228, 0.06425901, 0.99645865
-0.052216887, 0.061305195, 0.99675226
-0.029747551, 0.066541426, 0.99734014
-0.0049943556, 0.04089097, 0.9991511
0.0066257757, 0.02919003, 0.9995519
0.016898176, 0.033454075, 0.9992974
0.024696711, 0.018004559, 0.9995329
0.024111837, 0.037402987, 0.9990094
0.026199529, 0.033741858, 0.99908715
-0.009589239, 0.047244962, 0.9988373
-0.028797343, 0.06764518, 0.9972938
-0.03336628, 0.07270601, 0.9967952
-0.009310948, 0.0705393, 0.99746555
0.0096574295, 0.054168094, 0.99848515
0.019707043, 0.073242, 0.9971195
0.017222952, 0.0943364, 0.99539137
-0.0080521805, 0.08446488, 0.9963939
0.00031871427, 0.10556446, 0.9944124
0.0031196598, 0.11861895, 0.99293494
0.02107393, 0.078731515, 0.9966731
0.025793282, 0.08705095, 0.9958699
0.004981445, 0.094817184, 0.9954822
-0.008010219, 0.09838612, 0.9951161
0.013891738, 0.1023809, 0.9946483
0.026541244, 0.098675795, 0.99476564
0.014582804, 0.073108144, 0.99721736
-0.00041292998, 0.05672081, 0.99838996
-0.0045607635, 0.0716731, 0.99741775
-6.818099e-05, 0.07998754, 0.9967959
0.009282844, 0.08813897, 0.99606496
0.0020706742, 0.09293795, 0.9956697
0.0060320944, 0.07731017, 0.99698883
-0.012656915, 0.08459445, 0.9963351
0.004529519, 0.089729026, 0.9959559
0.013098176, 0.09253429, 0.99562335
0.018210497, 0.09077234, 0.9957052
0.01580084, 0.09046044, 0.99577475
0.0149237355, 0.08219879, 0.99650425
0.023175936, 0.075118706, 0.99690527
0.028636789, 0.07360638, 0.9968762
0.024648782, 0.07497272, 0.99688095
0.024646226, 0.0872141, 0.99588466
0.030419419, 0.092258826, 0.9952703
0.026786357, 0.09757822, 0.9948673
0.025507372, 0.08769891, 0.9958204
0.026243959, 0.08639914, 0.9959149
0.01975004, 0.094778754, 0.9953025
0.03308575, 0.078070074, 0.9963987
0.043469783, 0.06774952, 0.99675494
0.04514121, 0.03723895, 0.9982863
0.042997956, -0.005755275, 0.99905854
0.032538436, 0.01982203, 0.9992739
0.025127752, 0.031080458, 0.999201
0.030096946, 0.046862666, 0.9984478
0.019202927, 0.06381594, 0.99777687
0.021445915, 0.05453777, 0.9982814
0.013456067, 0.046996694, 0.99880445
0.02034369, 0.06544074, 0.997649
0.025674665, 0.07155964, 0.99710584
0.018403301, 0.070121296, 0.9973687
0.021025963, 0.080634154, 0.996522
0.011442248, 0.10305345, 0.99461
-0.0014718067, 0.079842575, 0.99680644
-0.00081325154, 0.02879107, 0.9995851
0.0026412029, 0.023634743, 0.9997172
0.015495003, -0.014162332, 0.99977964
0.013133706, -0.022925435, 0.9996509
0.02023259, -0.030788722, 0.9993211
0.032420512, -0.041878454, 0.99859655
0.033534292, -0.031604484, 0.9989377
0.029296843, -0.0021754196, 0.9995684
0.03715019, 0.033867296, 0.99873567
0.03721061, 0.038455296, 0.9985673
0.037908815, 0.011472268, 0.99921536
0.030008275, -0.012695109, 0.99946904
0.036464985, -0.017409086, 0.9991833
0.046969652, -0.023269825, 0.9986252
0.048369188, -0.022460721, 0.998577
0.05211021, -0.004602927, 0.9986307
0.04837132, -0.024328813, 0.99853307
0.042782567, -0.028390989, 0.99868095
0.04880208, -0.02834003, 0.99840635
0.046414603, -0.029147567, 0.99849695
0.052632183, -0.018997533, 0.99843323
0.048429657, -0.028664999, 0.99841523
0.047773205, -0.0395808, 0.9980737
0.049399756, -0.042728618, 0.9978647
0.053377528, -0.01763142, 0.9984187
0.06180405, 0.008246061, 0.99805427
0.06677236, 0.01760055, 0.997613
0.06166318, -0.004399155, 0.99808735
0.050510626, -0.013138365, 0.99863714
0.04744264, -0.032388225, 0.9983488
0.05195314, 0.0046635307, 0.99863863
0.05864268, 0.019982638, 0.998079
0.06450844, 0.030903075, 0.99743855
0.06366396, 0.034211993, 0.99738485
0.058142804, 0.03031772, 0.9978478
0.039836805, 0.04207315, 0.99832
0.03862906, 0.06912722, 0.9968597
0.024329433, 0.040554293, 0.99888104
0.018887505, 0.0105375685, 0.99976605
0.01266368, 0.008149057, 0.99988663
0.02297263, 0.035285037, 0.9991132
0.030432697, 0.035331476, 0.99891216
0.024653869, 0.060066648, 0.9978899
0.02377313, 0.062058162, 0.9977894
0.01538799, 0.043418497, 0.99893844
0.018578878, 0.075237095, 0.9969926
0.017823953, 0.06476223, 0.9977415
0.014027179, 0.063483834, 0.99788433
0.019905543, 0.039168112, 0.99903435
0.03477886, 0.014397758, 0.9992913
0.028419428, 0.014969075, 0.999484
0.02133411, 0.009101265, 0.999731
0.021779398, -0.0019485134, 0.9997609
0.035495467, -0.00074625196, 0.99936956
0.025361013, -0.0080073895, 0.9996463
0.03866453, -0.0026745363, 0.9992487
0.028080005, 0.023239955, 0.9993355
0.044171896, -0.0046757464, 0.999013
0.021372024, -0.006570612, 0.99975
0.014576852, 0.027913464, 0.999504
0.01715864, 0.013811378, 0.9997574
0.010953657, 0.034043647, 0.9993603
0.004511452, 0.041438367, 0.9991309
-0.015084189, 0.030348362, 0.9994256
-0.015618205, 0.031048324, 0.99939585
-0.0060757296, 0.029264495, 0.99955326
0.0029155796, 0.027612327, 0.9996145
0.021404568, 0.052876677, 0.99837166
0.026109034, 0.03722037, 0.998966
0.0330804, 0.033082, 0.99890506
0.035759307, 0.048865926, 0.998165
0.02880362, 0.07185903, 0.9969988
0.036332354, 0.07806883, 0.99628574
0.03425166, 0.05599973, 0.9978431
0.028675027, 0.048660755, 0.99840367
0.029365042, 0.054024275, 0.9981078
0.022891272, 0.064496495, 0.9976554
0.0155018335, 0.06877451, 0.99751174
0.0125940135, 0.04484982, 0.99891436
0.0036629476, 0.009422222, 0.99994886
-0.0024446996, -0.00710866, 0.99997175
-0.0059547867, 0.010698629, 0.9999251
-0.0077364845, 0.016183745, 0.9998391
-0.0109619405, 0.029603805, 0.9995016
0.005467568, 0.037836686, 0.99926895
0.0030053898, 0.048581816, 0.9988147
0.0052792765, 0.035241924, 0.99936485
0.0038974092, 0.037571255, 0.99928635
0.0026346776, 0.030656492, 0.99952656
0.0008437842, 0.0045607644, 0.9999892
-1.335535e-05, 0.018587776, 0.99982727
-0.00023041188, 0.02224833, 0.99975246
0.0023611535, 0.029205931, 0.99957067
0.0026114543, 0.028955122, 0.99957734
0.0025963788, 0.032656733, 0.99946326
0.007468128, 0.02720529, 0.999602
0.002965748, 0.038221184, 0.9992649
0.013571236, 0.029937735, 0.9994596
0.013905787, 0.023020811, 0.9996383
0.028179856, -0.017198738, 0.9994549
0.033418417, -0.032998078, 0.99889654
0.027991176, -0.0053166104, 0.99959403
0.01997714, 0.006975785, 0.9997761
0.013822657, 0.024907902, 0.9995942
0.012872503, 0.036530193, 0.99924964
0.014463503, 0.052580092, 0.99851197
0.013001606, 0.039864995, 0.9991205
0.019027181, 0.0451667, 0.99879825
0.016479615, 0.043405302, 0.99892163
0.012338198, 0.04099669, 0.99908316
0.00773672, 0.033388045, 0.99941254
-0.0043505435, 0.028658027, 0.9995798
0.0014367718, 0.021648478, 0.9997646
0.0017542181, 0.024988964, 0.9996862
0.0038056625, 0.012265765, 0.99991757
-0.00071407575, 0.04028513, 0.999188
-0.002213583, 0.05587988, 0.9984351
-0.00842902, 0.047025517, 0.99885815
-0.00980073, 0.041581765, 0.9990871
-0.00064577925, 0.04948122, 0.9987748
0.004332343, 0.050869398, 0.99869597
0.0018821908, 0.04982697, 0.9987561
0.00817283, 0.06076782, 0.99811846
0.01427071, 0.07580944, 0.9970202
0.016015828, 0.07120364, 0.9973332
0.021867914, 0.07941075, 0.99660206
0.02598352, 0.06979558, 0.99722284
0.009989436, 0.059596825, 0.9981725
0.016260639, 0.071053915, 0.99733996
0.00822075, 0.028740825, 0.9995531
0.0018573232, 0.00011951865, 0.9999983
0.006349273, 0.027767492, 0.9995942
0.001232959, 0.02219415, 0.99975294
0.0033936629, 0.026779016, 0.99963564
0.005966009, 0.02851687, 0.99957556
0.01464009, 0.04888426, 0.9986972
0.020202741, 0.059024014, 0.9980521
0.035001025, 0.044901747, 0.99837804
0.039561488, 0.034589015, 0.9986183
0.02655327, 0.029514464, 0.9992116
0.017604144, 0.031576853, 0.9993463
0.008878974, 0.03542867, 0.9993327
0.0075160833, 0.042593267, 0.99906427
0.012957997, 0.07373995, 0.99719334
0.019203654, 0.08834158, 0.9959051
0.012426602, 0.08855744, 0.99599355
0.014559914, 0.083146915, 0.99643093
0.022379305, 0.083489664, 0.9962573
0.026133442, 0.06481442, 0.9975551
0.029992739, 0.06554585, 0.99739873
0.02945441, 0.04983939, 0.9983229
0.04214289, 0.039089777, 0.9983466
0.023079028, 0.039705895, 0.9989448
0.022365961, 0.033253636, 0.9991967
0.028355144, 0.057276927, 0.99795556
0.026894633, 0.034602292, 0.99903923
0.020930901, 0.025898065, 0.99944544
0.033748727, 0.034481283, 0.9988354
0.033215795, 0.046260506, 0.998377
0.038723394, 0.027644526, 0.99886745
0.047689576, 0.013796349, 0.99876696
0.050989147, -0.0031967459, 0.9986941
0.051474344, -0.00578728, 0.9986576
0.053265903, 0.0010918949, 0.99857974
0.061929982, 0.0026800479, 0.9980769
0.066512704, 0.010633741, 0.9977289
0.058937375, 0.0012487357, 0.9982609
0.051838823, -0.010240965, 0.998603
0.052515298, -0.03291643, 0.9980775
0.05998899, -0.021590082, 0.9979655
0.041276634, -0.020231681, 0.9989429
0.027904507, 0.004529924, 0.9996003
0.035842817, 0.006975143, 0.99933314
0.024684966, 0.015840925, 0.9995698
0.021151021, 0.003577007, 0.9997699
0.014867978, -0.005362786, 0.99987507
0.007481994, -0.010967376, 0.9999119
0.016163941, -0.020046873, 0.9996684
0.023503337, -0.036734387, 0.9990486
0.01561784, -0.033199757, 0.99932677
0.0086396905, -0.040923674, 0.99912494
0.017587334, -0.056400917, 0.9982533
0.017403256, -0.047693763, 0.9987104
0.010256754, -0.04502097, 0.9989334
0.011667888, -0.060504857, 0.9980997
0.03042112, -0.043250903, 0.99860096
0.010982885, -0.05732768, 0.998295
0.005401854, 0.026172632, 0.99964285
0.018367484, 0.055927206, 0.9982659
0.012766091, 0.014316363, 0.999816
4.2931697e-05, -0.008336726, 0.99996525
0.0072530373, 0.018758943, 0.99979776
0.0062307557, 0.011382841, 0.99991584
0.0028525183, 0.016473379, 0.9998603
0.0031619773, 0.0023682914, 0.9999922
0.010426996, -0.027840374, 0.999558
0.008519498, -0.017813945, 0.99980503
0.010254786, -0.011718127, 0.99987876
0.014937618, -0.001532258, 0.9998873
0.018399965, -0.004717905, 0.9998196
-0.017927473, 0.03643094, 0.99917537
-0.036678027, 0.09185069, 0.9950971
-0.05397295, 0.09758851, 0.99376225
-0.046972148, 0.11887633, 0.9917974
-0.044068296, 0.10622657, 0.99336493
-0.058974065, 0.0820623, 0.9948808
-0.06664338, 0.06566764, 0.99561363
-0.07004782, 0.027135983, 0.99717444
-0.073112555, 0.03699861, 0.99663717
-0.06704755, 0.051683564, 0.99641025
-0.06604543, 0.055211097, 0.996288
-0.075310305, 0.03377529, 0.99658793
-0.06039134, 0.0506958, 0.9968866
-0.053534903, 0.06936793, 0.99615365
-0.04217047, 0.07401817, 0.99636483
-0.049351014, 0.058765367, 0.99705124
-0.040652175, 0.0689079, 0.9967944
-0.03270776, 0.08551272, 0.9958001
-0.035671204, 0.089250736, 0.9953702
-0.03114063, 0.08702825, 0.995719
-0.033130974, 0.092532024, 0.9951584
-0.03406903, 0.10373507, 0.99402136
-0.036497325, 0.1043232, 0.9938736
-0.03761137, 0.08831258, 0.9953825
-0.037146382, 0.09634426, 0.9946547
-0.03981884, 0.10222694, 0.99396384
-0.042423096, 0.108598985, 0.99318004
-0.045778994, 0.11808281, 0.99194795
-0.048500992, 0.1199127, 0.991599
-0.04931418, 0.12520112, 0.99090505
-0.05020093, 0.12458904, 0.99093765
-0.05396607, 0.13534474, 0.9893278
-0.048899412, 0.12399979, 0.99107665
-0.0527282, 0.11554336, 0.99190193
-0.05395194, 0.10592652, 0.99290925
-0.05539706, 0.1140047, 0.9919345
-0.054253675, 0.11764176, 0.991573
-0.049557712, 0.11367018, 0.99228185
-0.0522727, 0.11831302, 0.99159956
-0.051735654, 0.11561338, 0.99194604
-0.053946715, 0.11004544, 0.9924615
-0.033355974, 0.10688679, 0.99371153
-0.032784306, 0.08827886, 0.9955561
-0.02954111, 0.08093652, 0.9962814
-0.047036704, 0.08972854, 0.9948549
-0.05259469, 0.091586545, 0.9944072
-0.061533332, 0.08752072, 0.99426043
-0.054180015, 0.083057, 0.9950709
-0.05068962, 0.08560001, 0.9950393
-0.054191694, 0.09456777, 0.99404234
-0.045480862, 0.08515665, 0.995329
-0.05879407, 0.085328475, 0.9946167
-0.07101194, 0.06800041, 0.9951549
-0.07990834, 0.06159782, 0.9948972
-0.09645937, 0.047905736, 0.99418336
-0.07945973, 0.06656225, 0.9946133
-0.06566472, 0.069221765, 0.99543786
-0.061456535, 0.05710991, 0.99647456
-0.07144965, 0.05468542, 0.995944
-0.0680195, 0.04877255, 0.9964912
-0.04072825, 0.03865192, 0.9984224
-0.022619585, 0.037635416, 0.9990355
-0.012644833, 0.056354605, 0.9983308
0.008435907, 0.06465469, 0.99787205
0.019287452, 0.07590691, 0.9969284
0.024844756, 0.047055393, 0.9985833
0.022742564, 0.074578285, 0.99695575
0.018175915, 0.038849875, 0.99907976
0.025026884, 0.02291611, 0.9994241
0.041357305, 0.02322344, 0.9988744
0.04727783, 0.027042884, 0.99851567
0.050407242, 0.028503727, 0.99832195
0.05387457, 0.03770719, 0.9978355
0.049519375, 0.03879186, 0.9980196
0.047417272, 0.026870545, 0.9985137
0.05391764, 0.028549662, 0.9981372
0.055629436, 0.021919565, 0.99821085
0.04535273, 0.040092416, 0.99816614
0.017472604, 0.061038733, 0.99798244
0.027032267, 0.047910113, 0.9984858
0.03626816, 0.046018865, 0.998282
0.031667203, 0.019082744, 0.9993163
0.033121485, 0.014914536, 0.99934006
0.02844921, 0.014848945, 0.99948496
0.030209, 0.0046324795, 0.9995329
0.03649904, 0.00989835, 0.99928474
0.041683417, 0.010754509, 0.999073
0.037263766, 0.027224278, 0.9989345
0.039907098, 0.041968655, 0.99832165
0.035888303, 0.053339005, 0.99793136
0.033778753, 0.023697553, 0.99914837
0.03284689, -0.0045372373, 0.9994501
0.035780344, -0.013906413, 0.9992629
0.020180956, -0.033287555, 0.99924207
0.012932214, -0.039283358, 0.9991444
0.008425118, -0.05548866, 0.99842376
0.010114764, -0.057222825, 0.9983102
0.012174783, -0.05521052, 0.9984005
0.009205238, -0.021758122, 0.9997209
-0.010515443, -0.01109885, 0.9998832
-0.017922753, 0.0044587892, 0.9998295
-0.020444367, 0.011774625, 0.99972165
-0.033793047, 0.024930323, 0.99911785
-0.019516032, 0.03660827, 0.99913913
-0.0010263313, 0.054492366, 0.9985137
-0.0051698084, 0.047535617, 0.9988562
-0.004559973, -0.012070443, 0.9999168
-0.021917095, 0.028140161, 0.99936366
-0.026762828, 0.045804232, 0.99859184
-0.015493642, 0.037419893, 0.99917954
-0.005456172, 0.05649917, 0.99838775
0.00068788684, 0.04598831, 0.9989418
-0.005619739, 0.034235425, 0.999398
0.002288701, -0.019907314, 0.9997992
-0.008826737, 0.049457897, 0.9987372
-0.0024081583, 0.07264712, 0.9973548
-0.011969242, 0.0886281, 0.99599284
-0.012699452, 0.101871334, 0.9947165
-0.034269538, 0.09415744, 0.99496734
-0.047116976, 0.09484412, 0.9943765
-0.056216095, 0.09182517, 0.99418706
-0.041291013, 0.10126196, 0.9940025
-0.01503637, 0.10531716, 0.994325
-0.016993733, 0.09733989, 0.9951061
-0.0052131508, 0.05562711, 0.998438
-0.0021950465, 0.07232764, 0.9973785
-0.0012153797, 0.084664874, 0.9964087
-0.0004442737, 0.09999627, 0.9949877
-0.0062887273, 0.07707409, 0.9970055
-0.006307181, 0.09390802, 0.9955609
-0.0023374916, 0.055974256, 0.9984295
-0.019809823, 0.05184982, 0.9984584
-0.026867606, 0.0415847, 0.99877363
-0.026445933, 0.033535197, 0.99908763
-0.02455416, 0.035693545, 0.9990611
-0.021068944, 0.036670078, 0.99910533
-0.011740749, 0.02380402, 0.9996477
-0.03140322, 0.050040103, 0.99825335
-0.040071588, 0.043823324, 0.99823534
-0.044813223, 0.05763617, 0.9973314
-0.060153205, 0.047791153, 0.99704444
-0.08214657, 0.045935478, 0.9955611
-0.09065519, 0.0513861, 0.9945557
-0.08916327, 0.068006285, 0.99369264
-0.08789437, 0.05955099, 0.9943482
-0.09256679, 0.06243667, 0.993747
-0.09363325, 0.052082665, 0.99424356
-0.09143556, 0.06289674, 0.9938227
-0.09430927, 0.06784444, 0.99322855
-0.09008875, 0.07282479, 0.99326766
-0.097640455, 0.05283757, 0.9938181
-0.087580696, 0.07736193, 0.9931489
-0.07414193, 0.074090086, 0.99449164
-0.080637075, 0.07000985, 0.9942818
-0.08015385, 0.0648048, 0.9946737
-0.07528085, 0.068793006, 0.99478656
-0.06978993, 0.0660468, 0.99537295
-0.059015974, 0.09591526, 0.99363846
-0.05543687, 0.106338695, 0.9927834
-0.05178816, 0.106004775, 0.9930161
-0.03836013, 0.12835349, 0.9909863
-0.04351063, 0.12582387, 0.99109805
-0.055811614, 0.10528776, 0.9928744
-0.044992894, 0.12800956, 0.99075186
-0.048230495, 0.10754366, 0.99302983
-0.054971706, 0.10737849, 0.99269736
-0.05215334, 0.13154455, 0.9899374
-0.05243443, 0.16133186, 0.9855063
-0.050811876, 0.17115712, 0.9839326
-0.05430408, 0.17634419, 0.98282945
-0.05520601, 0.1738848, 0.98321736
-0.046047796, 0.16334361, 0.9854941
-0.04092081, 0.15688777, 0.9867683
-0.035378627, 0.16742867, 0.9852492
-0.043897822, 0.17579672, 0.98344725
-0.047426444, 0.15836427, 0.9862411
-0.069882624, 0.112773106, 0.9911603
-0.048814088, 0.12422767, 0.9910523
-0.093586825, 0.09949921, 0.99062675
-0.123775624, 0.08196863, 0.98891896
-0.08859338, 0.1207452, 0.9887223
-0.07139256, 0.108690105, 0.9915087
-0.10314052, 0.083188996, 0.9911819
-0.09355465, 0.07476729, 0.9928028
-0.06143152, 0.076740794, 0.9951568
-0.040587332, 0.057955068, 0.9974938
-0.033856794, 0.0473467, 0.9983046
-0.03201797, 0.0381684, 0.99875826
-0.070372805, 0.041286394, 0.996666
-0.10248322, 0.055600878, 0.9931796
-0.1238449, 0.0582453, 0.9905907
-0.13018712, 0.051914457, 0.99012935
-0.13680282, 0.05339213, 0.9891584
-0.12003481, 0.06030634, 0.99093634
-0.1031032, 0.056203116, 0.9930815
-0.093485184, 0.041430254, 0.99475825
-0.09122103, 0.04796884, 0.9946747
-0.09458268, 0.019470602, 0.9953266
-0.084477946, 0.018389229, 0.9962557
-0.08138274, 0.019859936, 0.99648505
-0.069028325, -0.000387164, 0.9976147
-0.07228868, -0.011787939, 0.9973141
-0.070093185, 0.00050520693, 0.99754035
-0.061770495, -0.008974703, 0.99805003
-0.06413133, -0.01040659, 0.99788725
-0.06833881, -0.022329886, 0.9974123
-0.07306186, -0.009636356, 0.99728084
-0.088328294, -0.009871304, 0.9960425
-0.08182689, -0.014901503, 0.9965352
-0.07420757, 0.005252554, 0.997229
-0.07266259, 0.012179367, 0.99728227
-0.072443336, 0.018983005, 0.9971919
-0.06557218, 0.028583542, 0.9974384
-0.05238266, 0.030796668, 0.9981521
-0.051781125, 0.003762486, 0.9986514
-0.054632746, -0.0028128952, 0.99850255
-0.060207184, 0.00979777, 0.99813783
-0.055988375, 0.02657177, 0.99807775
-0.0526966, 0.008301699, 0.99857605
-0.04405169, 0.013705904, 0.9989352
-0.046796612, 0.0015737072, 0.9989032
-0.032586996, -0.022093665, 0.99922466
-0.02981054, -0.03460803, 0.9989563
-0.040709235, -0.02941579, 0.99873793
-0.047537487, -0.013416473, 0.99877936
-0.052277222, -0.021805428, 0.99839455
-0.04004816, -0.03237502, 0.9986731
-0.043534476, 0.0021165756, 0.99904966
-0.044185594, 0.020568477, 0.9988116
-0.043091126, 0.011619224, 0.9990036
-0.034886874, 0.0033551971, 0.9993856
-0.0347073, -0.007831804, 0.9993668
-0.04433632, -0.005355388, 0.99900234
-0.042189512, -0.0058902814, 0.9990923
-0.03459234, -0.011312596, 0.99933755
-0.033621307, -0.014203907, 0.99933374
-0.025286164, -0.0040556826, 0.99967206
-0.027943017, 0.0019654252, 0.9996076
-0.04230612, -0.0022681255, 0.9991021
-0.058848634, 0.0013168269, 0.99826604
-0.06343634, -2.833686e-05, 0.9979859
-0.061592568, -0.0001297023, 0.99810135
-0.04479285, 0.007365213, 0.99896914
-0.03784832, 0.011910939, 0.99921256
-0.032592848, 0.008296237, 0.9994343
-0.0381808, 0.003931034, 0.99926317
-0.03715301, 0.0052918205, 0.9992956
-0.05640673, 0.026212275, 0.99806374
-0.06863143, 0.026339881, 0.9972943
-0.07432915, 0.035353124, 0.99660695
-0.066718884, 0.035544902, 0.9971385
-0.0571434, 0.03130564, 0.99787503
-0.03974107, 0.024192492, 0.9989171
-0.03729593, 0.029952804, 0.9988553
-0.030116403, 0.021449877, 0.9993162
-0.026392272, 0.01811636, 0.9994875
-0.014865995, 0.01319927, 0.9998024
-0.024498519, 0.028687749, 0.99928814
-0.006471139, 0.02324081, 0.99970895
-0.020476675, 0.006726102, 0.99976766
-0.009841934, 0.010731017, 0.999894
0.009605608, 0.021010974, 0.9997331
-0.007050066, -0.0025543422, 0.99997187
0.011841832, 0.013132152, 0.9998436
0.021206731, 0.031396445, 0.999282
0.026103867, 0.033956934, 0.9990823
0.025674868, 0.028413784, 0.9992665
0.016117686, 0.023829488, 0.9995861
0.018426202, 0.009279325, 0.9997872
0.006192944, -0.0056574703, 0.99996483
0.006099007, -0.0018024035, 0.9999798
0.023137668, 0.034994215, 0.99911964
0.02814251, 0.046386123, 0.9985271
0.031140229, 0.047979068, 0.99836284
0.044220414, 0.052513525, 0.99764067
0.042196058, 0.06700481, 0.99685997
0.040605366, 0.068195626, 0.9968453
0.03714038, 0.064573586, 0.9972215
0.037180956, 0.062217925, 0.9973698
0.04039621, 0.056977082, 0.9975579
0.043913692, 0.05783768, 0.99735975
0.039516512, 0.05126463, 0.997903
0.048587687, 0.042883694, 0.99789786
0.038295582, 0.035704248, 0.9986284
0.019396383, 0.022976983, 0.99954784
0.010144751, 0.008942216, 0.99990857
0.0065904055, 0.0071577746, 0.9999527
0.017448697, 0.021364093, 0.9996195
0.015064792, 0.024980288, 0.9995744
0.0049454607, 0.0095574325, 0.9999421
0.0073063783, 0.009028612, 0.9999326
0.0068300487, 0.013017969, 0.99989194
0.0008183453, -0.0004517443, 0.9999996
0.0028778266, -0.0036809314, 0.9999891
0.0057922327, 0.0030670576, 0.99997854
0.0024740861, 0.0006319459, 0.9999968
-0.00095488864, -0.00032057258, 0.9999995
-0.0020098865, 0.016337056, 0.9998646
-0.0010074341, 0.024959153, 0.99968797
-0.00520067, 0.012443789, 0.99990904
-0.0035698146, 0.029201588, 0.99956715
-0.0041063484, 0.015206976, 0.99987596
0.0015506514, 0.001354738, 0.9999979
-0.001074474, 0.007742594, 0.9999695
0.000753118, -0.00076990604, 0.99999946
-0.000873579, -0.0029604223, 0.99999523
0.002689692, -0.0015738652, 0.9999952
0.0013841012, -0.007228982, 0.99997294
-0.011108987, -0.0028928407, 0.99993414
-0.016549326, -0.003777529, 0.99985594
-0.015483486, -0.0036855391, 0.99987334
-0.014303138, -0.0002916594, 0.99989766
-0.012620126, 0.0063117, 0.99990046
-0.0047299583, -0.004475814, 0.99997884
0.0011884752, -0.00010597853, 0.9999993
0.00900707, 0.0006186697, 0.9999593
0.003843801, -0.013137681, 0.9999063
0.014663194, -0.0016061584, 0.9998912
0.018581143, 0.013496542, 0.99973625
0.01570433, 0.008247942, 0.99984264
0.01959911, 0.02042278, 0.9995993
0.012363672, 0.01032761, 0.99987024
0.012448536, 0.007021818, 0.9998979
-0.008295463, 0.014781462, 0.9998563
-0.022085514, 0.015940582, 0.99962896
-0.017732644, 0.022950264, 0.99957937
0.0037911236, 0.038274225, 0.9992601
0.031389818, 0.052469943, 0.998129
0.033594754, 0.050430518, 0.9981624
0.029668622, 0.051109374, 0.9982523
0.029996771, 0.049644377, 0.9983164
0.038908046, 0.052538626, 0.9978606
0.04032428, 0.058047272, 0.9974991
0.05134066, 0.058390282, 0.9969728
0.05253895, 0.057903722, 0.99693877
0.050154373, 0.058547672, 0.99702394
0.055241283, 0.06034657, 0.9966477
0.058755685, 0.0576578, 0.99660593
0.047228724, 0.0535276, 0.99744886
0.05481341, 0.05617846, 0.996915
0.05268121, 0.04731148, 0.99749
0.043544203, 0.040116113, 0.9982458
0.033558168, 0.03424153, 0.99885005
0.03371987, 0.03180779, 0.9989251
0.037543185, 0.04048755, 0.9984745
0.046012662, 0.046873122, 0.9978406
0.048732683, 0.049046837, 0.99760693
0.03926708, 0.03937821, 0.99845254
0.043718692, 0.059220605, 0.99728715
0.043489758, 0.07153306, 0.9964897
0.04504499, 0.07058012, 0.9964886
0.04585386, 0.07187445, 0.9963591
0.0467409, 0.07298234, 0.99623734
0.043293707, 0.075706184, 0.99618983
0.03210781, 0.06473269, 0.997386
0.03132458, 0.06887876, 0.9971332
0.035748612, 0.085511945, 0.9956956
0.029343812, 0.08072556, 0.99630433
0.036158208, 0.08564477, 0.99566936
0.03827924, 0.08125632, 0.9959579
0.03133516, 0.06797324, 0.99719495
0.034276992, 0.071798265, 0.99683
0.04012116, 0.08403104, 0.9956551
0.049739867, 0.08883764, 0.9948034
0.05066105, 0.08345274, 0.99522316
0.048351657, 0.07228376, 0.9962114
0.037465844, 0.06962013, 0.9968698
0.041532047, 0.061177038, 0.9972625
0.03907753, 0.055725805, 0.9976811
0.03505674, 0.057216205, 0.99774617
0.029507898, 0.05771809, 0.99789673
0.03431025, 0.06270844, 0.99744195
0.0376542, 0.06841608, 0.99694604
0.049846243, 0.07485855, 0.99594754
0.054388743, 0.07481999, 0.9957127
0.051984202, 0.060897853, 0.9967894
0.05548012, 0.060957164, 0.99659735
0.045736082, 0.061513677, 0.99705786
0.04737753, 0.06569774, 0.9967142
0.05205676, 0.06467267, 0.9965478
0.04476165, 0.047039133, 0.99788964
0.03951877, 0.04324851, 0.99828243
0.04653389, 0.048941914, 0.997717
0.054598097, 0.05085642, 0.9972124
0.049724597, 0.05393375, 0.9973057
0.050164357, 0.060041778, 0.9969346
0.055133887, 0.068023875, 0.99615914
0.043613993, 0.06142528, 0.99715835
0.046656743, 0.060912967, 0.9970521
0.04818651, 0.057553407, 0.9971789
0.049402524, 0.05595637, 0.99721026
0.054440312, 0.06797344, 0.99620074
0.04729452, 0.055224746, 0.99735326
0.039242584, 0.038491905, 0.99848807
0.05451971, 0.05870421, 0.9967855
0.046076994, 0.043684106, 0.99798226
0.03396563, 0.023767166, 0.9991404
0.026579538, 0.016409501, 0.9995121
0.041650914, 0.03455878, 0.9985344
0.04955105, 0.051193368, 0.99745876
0.05297014, 0.05803611, 0.9969082
0.05652426, 0.07111106, 0.9958656
0.053997803, 0.07492123, 0.9957264
0.050664533, 0.072251804, 0.99609876
0.052141026, 0.06908711, 0.9962471
0.041552197, 0.05384097, 0.9976846
0.04181991, 0.05135979, 0.9978042
0.046366535, 0.059735864, 0.99713683
0.040848635, 0.061805476, 0.997252
0.040833775, 0.058943618, 0.99742585
0.03884589, 0.04691426, 0.9981433
0.04019346, 0.052676946, 0.9978024
0.04096086, 0.061682377, 0.99725497
0.040462174, 0.06120382, 0.99730486
0.04085013, 0.057261378, 0.9975231
0.032656807, 0.057351027, 0.99781984
0.03517711, 0.06646609, 0.9971684
0.0368917, 0.061718747, 0.99741155
0.040071156, 0.052639265, 0.9978093
0.039471354, 0.054827884, 0.99771535
0.040617518, 0.057802275, 0.9975015
0.04325973, 0.055654854, 0.9975125
0.043664962, 0.061723165, 0.9971377
0.039532363, 0.05868917, 0.9974932
0.051008746, 0.068728805, 0.99633056
0.050521024, 0.07075882, 0.99621326
0.047859266, 0.05190844, 0.99750435
0.04858781, 0.05079653, 0.9975264
0.048417415, 0.055635743, 0.9972765
0.045254633, 0.058088843, 0.9972852
0.043158546, 0.07053896, 0.99657494
0.040650092, 0.072024606, 0.99657416
0.04202127, 0.070323355, 0.9966388
0.04078103, 0.06547385, 0.9970206
0.038796045, 0.067745574, 0.99694806
0.03323559, 0.061653428, 0.99754417
0.013593434, 0.05026123, 0.9986436
0.031798664, 0.053080436, 0.99808383
0.034834106, 0.058378737, 0.99768656
0.043942764, 0.055820215, 0.99747336
0.033580955, 0.05350319, 0.9980029
0.025527596, 0.053053726, 0.9982653
0.023696367, 0.05732103, 0.9980746
0.009416685, 0.056720667, 0.9983457
0.0104097, 0.062092695, 0.9980161
0.0043721595, 0.059690144, 0.9982074
0.011297774, 0.06579674, 0.99776906
0.019436605, 0.079470634, 0.9966477
0.0056044543, 0.06718969, 0.9977245
-0.0032914113, 0.051847268, 0.9986496
-0.0073732277, 0.050137512, 0.99871516
0.008737678, 0.05876674, 0.9982335
0.009115135, 0.0574243, 0.99830824
0.024216445, 0.0531567, 0.9982925
0.022828586, 0.058660142, 0.99801695
0.025385248, 0.056460023, 0.9980821
0.025614768, 0.049440794, 0.99844855
0.026621748, 0.052139595, 0.99828494
0.0190268, 0.053227544, 0.99840117
0.023580913, 0.05161971, 0.9983884
0.018995572, 0.057312187, 0.9981756
0.0060920003, 0.057265054, 0.9983404
0.0019131225, 0.0560425, 0.99842656
-0.0057846433, 0.040486634, 0.9991633
-0.004305755, 0.0374608, 0.99928886
0.021941133, 0.055656813, 0.9982089
0.016303834, 0.062307045, 0.9979239
0.027335217, 0.0749826, 0.9968101
0.03842326, 0.073128045, 0.99658215
0.04360783, 0.0759066, 0.9961609
0.04709018, 0.07629443, 0.99597275
0.049600277, 0.072279654, 0.9961503
0.04708013, 0.06962723, 0.9964615
0.04399688, 0.06973227, 0.9965951
0.04774267, 0.07528115, 0.99601877
0.046887312, 0.07026854, 0.99642557
0.03732048, 0.05763474, 0.9976399
0.019064102, 0.04084968, 0.99898344
0.029279018, 0.0374837, 0.9988682
0.041122403, 0.035651542, 0.9985179
0.04116444, 0.03525253, 0.9985303
0.039528046, 0.044363275, 0.9982332
0.021598794, 0.040162083, 0.9989597
0.005212568, 0.026714304, 0.99962956
0.007979445, 0.022920622, 0.99970543
0.020813588, 0.031542893, 0.9992857
0.026508244, 0.03772162, 0.99893665
0.028244872, 0.048044566, 0.9984458
0.03463897, 0.054842215, 0.997894
0.033261403, 0.064903386, 0.9973371
0.03847292, 0.06742908, 0.99698204
0.038906187, 0.056353208, 0.9976526
0.03762567, 0.044269305, 0.99831086
0.041749865, 0.045004852, 0.998114
0.032398846, 0.03488754, 0.99886596
0.038623884, 0.042973354, 0.9983294
0.03653125, 0.04690895, 0.998231
0.03968582, 0.045361537, 0.99818206
0.037571564, 0.055957347, 0.997726
0.03169323, 0.0669913, 0.9972501
0.025369989, 0.07376359, 0.996953
0.035543457, 0.06104602, 0.9975019
0.03960092, 0.05126601, 0.9978996
0.047478344, 0.05065273, 0.9975872
0.040428635, 0.0417065, 0.99831164
0.037660144, 0.035778858, 0.9986499
0.03309357, 0.037517417, 0.9987479
0.023631945, 0.01567689, 0.9995978
0.021331267, 0.011362647, 0.9997079
0.01946183, 0.012684283, 0.99973017
0.021515807, 0.020134253, 0.9995658
0.018782627, 0.021529887, 0.99959177
0.019800834, 0.020143917, 0.999601
0.01971314, 0.022907102, 0.99954325
0.021831868, 0.0271734, 0.99939233
0.031533584, 0.053897582, 0.9980484
0.0383163, 0.058105256, 0.9975749
0.03936411, 0.055390876, 0.99768853
0.035304997, 0.047883227, 0.99822885
0.036000784, 0.042231362, 0.99845904
0.030852495, 0.03196252, 0.99901277
0.04276943, 0.040280167, 0.99827266
0.050895806, 0.046163708, 0.9976365
0.039609704, 0.03161089, 0.99871504
0.03759227, 0.023301927, 0.9990215
0.03637214, 0.017342016, 0.9991878
0.034956053, 0.018641226, 0.999215
0.042764273, 0.04397173, 0.9981171
0.044887774, 0.055067163, 0.9974731
0.043820605, 0.06077957, 0.99718887
0.05021314, 0.068358555, 0.99639636
0.05180804, 0.07030532, 0.9961793
0.057981815, 0.0735086, 0.9956077
0.0620854, 0.08421709, 0.99451137
0.06624747, 0.08361216, 0.99429387
0.06322748, 0.07938813, 0.99483657
0.052362528, 0.07981299, 0.99543357
0.05242651, 0.078784406, 0.9955122
0.051131625, 0.0758281, 0.9958091
0.047647122, 0.058131825, 0.9971712
0.048319515, 0.05454298, 0.99734163
0.05117622, 0.05487628, 0.9971808
0.061699428, 0.069533065, 0.9956698
0.061654203, 0.074613556, 0.99530476
0.06445629, 0.06467712, 0.9958224
0.06464194, 0.06389271, 0.99586105
0.048391957, 0.04882819, 0.99763423
0.033047378, 0.032972418, 0.9989098
0.033892773, 0.037345633, 0.9987275
0.039225474, 0.051379796, 0.99790853
0.040406175, 0.059565324, 0.9974063
0.04056861, 0.05595289, 0.9976089
0.03762463, 0.04225909, 0.998398
0.030358614, 0.036585048, 0.9988693
0.030419463, 0.04394711, 0.9985706
0.032207794, 0.044856813, 0.9984741
0.034800235, 0.04882079, 0.99820113
0.025359167, 0.031064805, 0.9991956
-0.00065156055, 0.022599375, 0.99974436
-0.014194757, 0.020611236, 0.99968684
-0.008624503, 0.026134465, 0.9996213
-0.0025809007, 0.026941778, 0.9996337
0.0009130068, 0.026501525, 0.9996484
0.005098908, 0.032650243, 0.99945384
0.02388093, 0.042894017, 0.99879414
0.027766459, 0.04691472, 0.9985129
0.025114348, 0.040785056, 0.9988523
0.030550791, 0.040957686, 0.99869376
0.027133027, 0.04046833, 0.9988124
0.028884135, 0.03904203, 0.99882007
0.026443489, 0.032782137, 0.99911267
0.026481774, 0.026421085, 0.9993001
0.028256442, 0.036267053, 0.99894255
0.030579573, 0.051508438, 0.99820423
0.025938215, 0.052767783, 0.9982699
0.023308273, 0.049306896, 0.9985117
0.029505266, 0.055636205, 0.9980151
0.030375354, 0.05689107, 0.9979182
0.03262927, 0.054811742, 0.9979634
0.032516282, 0.05860153, 0.9977518
0.027117494, 0.052900195, 0.9982316
0.030762848, 0.052891742, 0.9981263
0.030468484, 0.057125863, 0.997902
0.034677885, 0.05390426, 0.9979438
0.037212472, 0.052246958, 0.99794066
0.031577934, 0.038663123, 0.99875325
0.035296403, 0.050671298, 0.99809146
0.031027608, 0.043738868, 0.9985611
0.030069113, 0.053076033, 0.9981377
0.030931922, 0.06630665, 0.9973197
0.019476475, 0.05614742, 0.99823254
0.027511198, 0.048156932, 0.9984608
0.021642197, 0.05782664, 0.99809206
0.02898346, 0.058865428, 0.9978451
0.032612946, 0.059893798, 0.9976719
0.036157925, 0.06297555, 0.9973599
0.03629563, 0.0612687, 0.9974612
0.030893758, 0.047904473, 0.99837404
0.032005936, 0.048664473, 0.9983023
0.035111535, 0.048233945, 0.9982188
0.033746477, 0.04781836, 0.99828583
0.033442654, 0.04870487, 0.9982532
0.044456046, 0.057569083, 0.9973512
0.046449933, 0.06748453, 0.9966385
0.037785787, 0.065940544, 0.99710786
0.017958298, 0.040770005, 0.99900717
0.027018642, 0.047134437, 0.99852306
0.035862427, 0.060858443, 0.9975019
0.032643843, 0.058956843, 0.9977267
0.028958464, 0.046991277, 0.9984755
0.030260079, 0.04431498, 0.99855924
0.026359743, 0.04539098, 0.9986215
0.007858148, 0.030408839, 0.9995067
0.0020152433, 0.033271555, 0.9994443
0.0189778, 0.039634112, 0.99903405
0.02929181, 0.039406337, 0.99879384
0.03179688, 0.03897492, 0.9987342
0.02525897, 0.037192218, 0.99898887
0.03264009, 0.03737694, 0.99876803
0.023450019, 0.03727981, 0.9990297
0.026841292, 0.034776345, 0.99903464
0.03010584, 0.053302784, 0.9981244
0.029896786, 0.061307907, 0.99767107
0.015738972, 0.017391702, 0.99972486
-0.001676501, 0.0066771763, 0.9999763
-0.040907186, -0.028824162, 0.9987471
-0.065619126, -0.02065574, 0.99763095
-0.073338695, 0.009167328, 0.9972649
-0.07546549, 0.009696514, 0.9971013
-0.07653859, 0.026489254, 0.99671465
-0.09185509, 0.009549004, 0.9957266
-0.0898426, 0.020318063, 0.99574876
-0.08235746, 0.036831997, 0.995922
-0.07122747, 0.025644941, 0.9971304
-0.06460296, 0.03509413, 0.9972938
-0.07323558, 0.00058731897, 0.99731445
-0.05878928, 0.020886015, 0.9980519
-0.07160275, 0.026173625, 0.99708974
-0.047290903, 0.03723394, 0.99818695
-0.036255855, 0.06785357, 0.99703634
-0.04603232, 0.06199215, 0.9970146
-0.06475205, 0.038812805, 0.9971463
-0.060081076, 0.040552087, 0.9973694
-0.04865212, 0.05162633, 0.9974807
-0.044161804, 0.05688672, 0.99740344
-0.04706552, 0.057241958, 0.9972504
-0.052180793, 0.071625784, 0.99606574
